359.04
359.22
359.4
359.14
359.32
359.5
359.68
359.86
359.06
359.24
359.42
359.6
359.78
359.96
359.16
359.34
359.52
359.7
359.88
359.08
359.26
359.44
359.62
359.8
359.98
359.18
359.36
359.54
359.72
359.9
359.1
359.28
359.46
359.64
359.82
359.02
359.2
359.38
359.56
359.74
359.92
359.12
359.3
359.48
359.66
359.84
359.04
359.22
359.4
359.58
359.76
359.94
359.14
359.32
359.5
359.68
359.86
359.06
359.24
359.42
359.6
359.78
359.96
359.16
359.34
359.52
359.7
359.88
359.08
359.26
359.44
359.62
359.8
359.98
359.18
359.36
359.54
359.72
359.9
359.1
359.28
359.46
359.64
359.82
359.02
359.2
359.38
359.56
359.74
359.92
359.12
359.3
359.48
359.66
359.84
359.04
359.22
359.4
359.58
359.76
359.94
359.14
359.32
359.5
359.68
359.86
359.06
359.24
359.42
359.6
359.78
359.96
359.16
359.34
359.52
359.7
359.88
359.08
359.26
359.44
359.62
359.8
359.98
359.18
359.36
359.54
359.72
359.9
359.1
359.28
359.02
359.2
359.38
359.56
359.74
359.92
359.12
359.3
359.48
359.66
359.84
359.04
359.22
359.4
359.58
359.76
359.94
359.14
359.32
359.5
359.68
359.86
359.06
359.24
359.42
359.6
359.78
359.96
359.16
359.34
359.52
359.7
359.88
359.08
359.26
359.44
359.62
359.8
359.98
359.36
359.54
359.9
359.1
359.28
359.46
359.82
359.02
359.2
359.38
359.56
359.74
359.92
359.12
359.3
359.48
359.66
359.84
359.04
359.22
359.4
359.58
359.76
