128 306
129 306
130 306
131 306
132 306
134 305
135 305
136 305
137 305
138 305
139 304
140 304
141 304
142 304
143 304
144 304
145 303
146 303
147 303
149 303
152 302
153 302
155 302
156 301
157 301
158 301
159 301
160 301
161 301
162 300
163 300
164 300
165 300
166 300
167 299
168 299
169 299
170 299
171 299
172 299
173 298
174 298
175 298
176 298
177 298
178 297
179 297
180 297
181 297
182 297
183 297
184 296
185 296
186 296
187 296
188 296
189 295
190 295
191 295
192 295
193 295
194 295
195 294
196 294
201 293
202 293
203 293
204 293
205 293
206 292
207 292
208 292
209 292
210 292
211 292
212 291
213 291
214 291
215 291
216 291
217 290
218 290
219 290
220 290
221 290
222 290
223 289
224 289
225 289
226 289
227 289
228 288
229 288
230 288
231 288
232 288
233 288
234 287
235 287
236 287
237 287
238 287
239 286
240 286
241 286
242 286
243 286
244 286
245 285
246 285
247 285
248 285
249 285
251 284
252 284
253 284
254 284
255 284
256 283
257 283
258 283
259 283
260 283
261 283
262 282
263 282
264 282
265 282
266 282
267 281
268 281
269 281
270 281
271 281
272 281
273 280
274 280
275 280
276 280
277 280
278 279
279 279
280 279
281 279
282 279
283 279
284 278
285 278
286 278
287 278
288 278
289 277
290 277
291 277
292 277
293 277
294 277
295 276
296 276
297 276
298 276
299 276
301 275
302 275
303 275
304 275
305 275
306 274
307 274
308 274
309 274
310 274
311 274
312 273
313 273
314 273
315 273
316 273
317 272
318 272
319 272
320 272
321 272
322 272
323 271
324 271
325 271
326 271
327 271
328 270
329 270
330 270
